Fe -0.00000799308038288554 -0.00001315546321878287 -0.00004042990949470714
N  1.46754634301965580789 1.33138513487524745571 -0.06040906718317722024
N  -1.46899768496409977026 1.32980730106598565854 0.06040082247328226739
N  -1.46756468985370380764 -1.33141203023512466608 -0.06043034869828457778
N  1.46898184256208552689 -1.32983044698579955245 0.06039322991753905134
C  2.82381608463831978995 1.19968102664367859411 -0.15687256830505641458
C  1.22221000301514681752 2.67523104101797670751 -0.15922971574851213505
C  -1.22510755612542698856 2.67393061054354896910 0.15899488530334321412
C  -2.82511162406495275334 1.19664313232970775935 0.15707568429438287239
C  -2.82383597102819772218 -1.19970860619734587260 -0.15687036190269987301
C  1.22509028362701766213 -2.67395465182366942614 0.15896335708089637251
C  2.82509497850740620706 -1.19666754199648028845 0.15708981510716898966
C  3.44103588907899471394 2.46921519201648953512 -0.39900777515250351879
H  4.49032502408757761003 2.62374699783710152445 -0.55728319780052471000
C  2.44643475424391665385 3.38566698460932080650 -0.40062280803516941985
H  2.52126539801873894575 4.44356757773828991986 -0.55963065752199836478
C  -2.45007083915574153110 3.38307480487992107143 0.40043908382201004459
H  -2.52602417330045891930 4.44091928145420489216 0.55928899364693462903
C  -3.44367368620655955880 2.46554087458236503849 0.39912654152152493570
H  -4.49310582741484232372 2.61895441666505446321 0.55754008117335518424
C  2.45005039401687829681 -3.38310293438038511837 0.40041189993213005538
C  3.44365288409294834082 -2.46556829846664316008 0.39913319356428389462
H  4.49308147490381326605 -2.61898571450401096428 0.55756648166274014322
C  -0.00179857802181790068 3.31574645255425881629 -0.00019153181077693647
C  -3.51088846431080048305 -0.00190806103436454112 0.00018315339475224676
C  3.51087189869337112924 0.00188343062698394866 0.00019720689035619202
C  -0.00261075359474910234 4.79678103299950908678 -0.00032195139110037502
C  0.64308562179269479486 5.50307462569847150036 1.00958403518102657337
H  1.14183964098025803047 4.95890578748042898383 1.79845532813904607217
C  0.63892908636750445073 6.88618233086684572442 1.01031733862640460408
C  -0.64909241954186613910 5.50217341144697247302 -1.01035549854959771920
H  -1.14724951903070038206 4.95730749407144966057 -1.79912281121973327558
C  -4.98455726328939974223 -0.00272036126909813670 0.00032027222371891706
C  -5.69125692003230110316 -0.75541697771169835640 0.93424984493971696686
H  -5.14731938776936637225 -1.33183455091027536099 1.66842682531870289964
C  -7.07407794931592270871 -0.75310808476953794433 0.93501733118640140141
H  -7.61147730296040592179 -1.33715497219851919830 1.66802187559598458222
C  -7.76992212040918683869 -0.00427183496334290931 0.00059094676171986228
H  -8.84992643611850304808 -0.00487244334819694151 0.00069619082961967142
C  -7.07509375748578417387 0.74533595989023126993 -0.93397249050858366370
H  -7.61328589074296058214 1.32878120062044513539 -1.66687456374356468558
C  -5.69227580577488723179 0.74918412874629591869 -0.93347510504940089948
H  -5.14912454766074034751 1.32619984983003336154 -1.66776433284331782048
C  4.98453961117556687554 0.00270404418172293061 0.00034688929818177790
C  5.69121944595769768682 0.75543530504059130948 0.93426521768276948876
H  5.14726525280054669764 1.33186883502338559992 1.66841727947527163067
C  5.69228021940581196958 -0.74921964838175236778 -0.93341543861432063611
H  5.14914804027190164959 -1.32626030179124465569 -1.66769930098496677040
C  7.07404003335413644749 0.75314015493380737087 0.93505417668927059971
H  7.61142229828997418650 1.33721403434250274422 1.66804972453151756362
C  7.76990596248995757378 0.00428291922697833418 0.00066028930540658359
H  8.84991023479775584804 0.00489339717792332696 0.00078165919024214103
C  7.07509840976644088784 -0.74535796824212474654 -0.93389165538990881466
H  7.61330648587738956223 -1.32881925735433070734 -1.66676928000025559307
C  -0.00415281250377928009 7.58081203809368453506 -0.00057831372604416403
H  -0.00474990395766489507 8.66083056618047564257 -0.00067743349505379122
C  -0.64646711469947437667 6.88528486990443155946 -1.01134464119578715291
H  -1.14756129944755635997 7.42269333950965926050 -1.80332241821668293191
H  -1.13933615931640330743 -7.42437636246133347839 1.80210039110839614906
H  0.00479170605516594360 -8.66085491217717162726 -0.00084568984167307721
C  -1.22223045120749973513 -2.67525899645630671486 -0.15924287369233675049
C  -3.44106130879628846486 -2.46924638813555219485 -0.39897645486392147030
H  -4.49035448587689778321 -2.62377837231611010793 -0.55722470399764412186
C  -2.44646069743622840420 -3.38569792039929007288 -0.40060206106800183568
H  -2.52129306648965689774 -4.44360091528374212544 -0.55959294812887272474
H  2.52600203563827552244 -4.44095078603051884869 0.55924034845644243763
C  0.00178196728824954248 -3.31577089040650863083 -0.00023089617434578742
C  0.00260609106878441701 -4.79680642721121941463 -0.00038992565627703072
C  -0.64304651719120542452 -5.50313262743406728106 1.00951991210256797338
H  -1.14178009101895727717 -4.95899025837982065923 1.79842245748579299125
C  -0.63887345701073305904 -6.88624073453094442954 1.01021700973568551163
C  0.00418185858409484551 -7.58083637386857756013 -0.00071851585420998549
C  0.64645404243700499425 -6.88527569099348024650 -1.01148893341689460890
H  1.14752815075472991424 -7.42265841817661620183 -1.80349686627199634614
C  0.64906270005981214766 -5.50216446903146749747 -1.01046406782645714628
H  1.14718828556867813440 -4.95727082704497057364 -1.79923202322045039381
H  1.13942552561779808507 7.42429170395891979695 1.80219723006101384399
