Fe 12.00467531513610808247 3.48744704149352990896 3.93575070368950052924
N  10.72500526464103209889 2.70174794241337634659 2.91559165596514668906
N  13.28321443804400026067 4.27446437662275258162 4.95631269893816650551
N  10.82430962358592019257 4.37474387034555078912 5.19902081090684387021
N  11.77185372041072675131 4.92629210705941389392 2.65062969518085900233
N  13.55594754359652398534 2.82850197864713459595 2.96932140514460041203
N  11.86638013325580764956 1.82043266338102438517 4.92414861951092230896
N  8.72941939107718845037 6.45969239395053662633 8.14951038542357686367
N  10.90886628224487786554 7.70740078676062356777 -0.34294258403506355792
C  14.57983800651316386165 4.09556314270170584990 4.65316320805325656096
N  17.18152994472685435312 1.68358510304502773103 1.24174686973738812590
C  10.84617997026185776122 4.66780176380768985211 1.69702755155189466407
C  12.14636903709623538816 7.05370616494856239598 1.62789396124618357398
H  12.69801563170386060619 7.97599049854707153884 1.66171229268932618695
C  11.47248959521111721926 5.08879386576705172729 6.14930842151435630427
C  10.22707041411936579323 3.35572307633816491190 1.85282257355026347412
C  14.73946187268988161634 3.24215508857888412564 3.48041255816735617401
C  8.75535869051355497561 5.03613862274517209983 6.19611520107761926113
H  7.68292589731553476895 4.97144215319470372805 6.15405563462161531163
C  10.95791949455209213227 0.95386932601590590508 4.41739303204861677443
C  12.92349361521505812789 5.03136331117660429157 6.00645585356712707892
C  9.49314143235450558223 4.37072663340742106897 5.25167414082359407246
C  14.76521213678593547058 1.63640096697240511325 1.28750332758383234655
H  14.70069232344349785535 1.00028876525104082340 0.42305962824849008275
N  11.19783354385211282533 -1.90144125651625306439 6.69645825759282775635
C  10.81507426741324984221 5.78949295172218647565 7.13903920994962160052
H  11.39430178636405166515 6.33505272279518028000 7.86180518235406911032
C  12.38977104332849421553 6.10480270416422587942 2.58674981151403482471
C  9.40439815277364843382 5.79089697897336019849 7.20273547108012213158
C  10.28343671923589752737 1.47295690846303228838 3.23217260334513989406
C  13.60533217980271025738 2.04271015369543063045 1.89467849612199268350
C  15.95613142019808172734 2.88492635337012881536 2.93742436422929298345
H  16.85716035349946650967 3.25082280234773790539 3.39546794255538664231
C  10.53454379674274932199 5.56117314320599032129 0.69327996991704632368
H  9.78855204388116639791 5.28919768905617093679 -0.03132894899952868434
C  9.24525785668445543308 2.78085249263697953381 1.05420374625400037338
H  8.84705853653402840564 3.30627942837560606648 0.20262265692867817424
C  11.18437188115427893820 6.81260156317215059829 0.61763040103219890575
C  10.70992687769387607943 -0.28317288682886970763 4.97503253403130596411
H  9.97384392422924825894 -0.92046026301014216564 4.51942064456075254242
C  15.22139107856845896549 5.46995491733505190268 6.50174085359237796666
H  15.98058012502474234395 5.93826085050237484353 7.10709807643155322410
C  15.58120038283643715715 4.68643011492888739156 5.41496707417246714300
H  16.62011306150863276798 4.54216628779763187396 5.17067560284195337772
C  13.87951782415206203325 5.64779657502601661889 6.80536797785301583730
H  13.58968588309169867046 6.25430310555223289981 7.64677924490892113596
C  16.01822111977617524303 2.05254513988078768350 1.79840050035598753020
C  9.30312140760145744878 0.84656825843659666564 2.47136819307774535659
H  8.95013340539046708955 -0.13841062126807390786 2.72640763200248503750
C  12.53242101272225106356 1.42893368563213307709 6.00945586059836056592
C  12.35363333135007124497 0.22054391325138503199 6.63146767456929264739
H  12.94084073651271005190 -0.00359388390802715734 7.50382932344851383277
C  11.41094048385276593649 -0.70653659964482362632 6.12543461848173720341
C  8.78204926025678034307 1.51230696354030480499 1.37149346521082771133
H  8.02102274717350027800 1.04637341862820765215 0.76661301546815907582
C  9.91675205083538457984 7.42141067243739982473 -1.35515769240630912229
H  10.19503801270620435560 6.54098040459826801651 -1.93933157453387372549
H  9.83736289404274266701 8.26433738125438743793 -2.03493742319811632413
H  8.93467060616163344378 7.25596428608019472506 -0.90577770303106686089
C  9.43221483471897670370 7.21905785618429707284 9.15951224356368065571
H  10.08120070264966017248 6.57265482698880010304 9.75516539354132916628
H  8.71526315558783792881 7.68420263991911145496 9.82924993128947477317
H  10.03461414972925247469 8.01026048652249222926 8.70679809173682350831
C  7.28371344595657266296 6.43379368063422596435 8.17665732912389309206
H  6.86723843560420199594 6.85093369843049515566 7.25689928995245736587
H  6.92446652749949631556 7.02974447452527417823 9.01014724970577596252
H  6.91269339620987910422 5.41419829837119781502 8.30381224562776054654
C  11.93874062318911555280 -2.29418611957859619466 7.87471187591007737439
H  13.01158217754378831899 -2.32395782490754987393 7.67086924832638139549
H  11.62710184083729991755 -3.28633868967085795987 8.18685918178613647456
H  11.75355362431378836163 -1.60465188049013529614 8.70153229148906603996
C  18.43970935118966281152 2.12883016725489282450 1.79798487454307021061
H  18.51511059822485805171 3.21862364537877088111 1.77461423811192209321
H  19.25970755715873394820 1.72264339158921475637 1.21356706191230578895
H  18.55628566776957910633 1.78485760192096409860 2.82845577573620543532
C  11.60022427937173716828 8.97699890015858237291 -0.38317146700977217089
H  11.41509150161360786058 9.55280745926253160860 0.52656331159278946252
H  11.24492879346434470733 9.55843130188438117045 -1.22852526611682266733
H  12.67687136878547349284 8.83294230535700997109 -0.49911185554474374326
C  10.22561495633476091882 -2.81935162984268172792 6.14610257697918171971
H  9.22459185625092814576 -2.38148823331339354326 6.15408115983662362680
H  10.20096274557174709230 -3.72491988398150164485 6.74465612781383150320
H  10.48531626493513968512 -3.09799994320648997004 5.12202512477374938271
C  17.19824195310494019395 0.83151564041489878232 0.07334087095958514990
H  16.73108102817057840639 -0.13303828824708655021 0.28516498687067720619
H  18.22479816535453522874 0.64976784248517416298 -0.23009326896042356370
H  16.67599889279890845728 1.30292751817544005810 -0.76234412258319805833
H  12.65164421718142051532 1.72280642758187951813 1.50168810847470668435
H  8.99372708064681525286 3.79617947212785145084 4.48566077701808207934
H  13.12442810778313351250 6.29308952354229589332 3.35559520693887147758
H  13.25265311900176179449 2.13314733567293890459 6.39887669908373624139
