Fe 0.00146529613582128634 0.00346078838973840498 -0.00164113915137364518
N  -1.29573127107553842663 -0.72938219399022052869 -1.00436536796207032118
N  1.29870493868750647160 0.73605408738912248001 1.00106994495905921028
N  -1.16366228784636160931 0.88777792403324196080 1.37371141205638624960
N  -0.14930153549842739569 1.45448122171220894927 -1.38094792769275453992
N  1.58140377748849791928 -0.64700001028016296267 -1.05630968744955766603
N  -0.26281462037258512821 -1.68189221737572935922 1.05751182676255495174
N  -2.95073823702980986283 1.59339004187497823573 5.08916726393130769424
N  0.17600051294883645170 3.34051982062164665166 -5.10031379874029866528
C  2.54774695758375591126 0.78753193702178159175 0.52864150232555029429
N  4.91757985698813460118 -0.48056458474861862840 -3.57394169149379381523
C  -0.75667401414648849389 0.96007418028751112526 -2.48679569508360698293
C  0.50994955545173314970 3.32594655310708287033 -2.70709254682569788741
H  0.95998957261150219544 4.30317183556034787983 -2.71163630059857752030
C  -0.42773214564131567528 1.15386881800466079007 2.47999028207039939886
C  -1.55654436522826111755 -0.22716968780452900800 -2.21501631558209899353
C  2.66277237582739978450 0.11312161041167015374 -0.75787527102635998677
C  -3.10790638208731184733 1.29528020374436647622 2.69634387144612697185
H  -4.17698942724118271741 1.41605149300612787044 2.69920055097645894548
C  -1.47285855428678202905 -2.21360796424822581230 0.75865293118504595338
C  1.00249388059874955381 1.22276783670904798385 2.20989944211629607551
C  -2.48954806070240541871 1.04937966723430498028 1.48785758439887061400
C  2.80425208919304980171 -1.46350801966302523915 -2.93606913044668260682
H  2.83125132070523255479 -2.17330964559480532827 -3.74413836787215892343
N  -2.13940817596096355402 -4.43954296545747340019 3.58135555665476035259
C  -0.96974135634131086725 1.40926711779757529719 3.72025458940713615874
H  -0.31114622626759180779 1.60370222298618081425 4.54700152483820563276
C  0.39891275365095546501 2.67229399157806835063 -1.49727046313974887504
C  -2.37009974214197294273 1.42542244662792705334 3.89048949351195760826
C  -1.98762264254102349881 -1.76977596943676651620 -0.53023243382988916039
C  1.71110392916077547198 -1.48483497080697302017 -2.09472850462636772662
C  3.79049188885421850514 0.18760638636132487278 -1.54528705258380028020
H  4.60083952779395932708 0.82253993580233220051 -1.23665546927811731415
C  -0.69326315847101049883 1.55327579339338939235 -3.72833131366826941999
H  -1.19962289467677174493 1.08859967854532913023 -4.55460985131778173240
C  0.83400599779373496556 3.38911292269236730235 -0.25862424904508085621
H  1.88764516613268940048 3.21696891785232486072 -0.04977504372218585077
H  0.24425367509138617983 3.05307295516070231756 0.58751916037071516552
H  0.69152314110632406852 4.45912087289844372151 -0.38578124841994615446
C  -2.55062113982188654049 -0.77299445374526976060 -3.01970037447962447175
H  -2.76355891817073828776 -0.36501956987353278983 -3.99342341945862022712
C  0.01793225070327001194 2.75941037883087592064 -3.90051579113608770655
C  -2.12262922556348021530 -3.13658930290280668629 1.54806211463013565499
H  -3.08509494261900130141 -3.50146898294319708356 1.23887937607822884445
C  3.28337557692328685377 1.85729972414378785572 2.53497135874210810513
H  4.06196952730127502917 2.29723274853403225393 3.13675503458093807296
C  3.57533756003961356029 1.35198078724128434303 1.27636706407022892940
H  4.58267194016498624620 1.38911488346505884728 0.89712305658576885214
C  1.98305743584086813236 1.79287443866742268739 3.01429482611353316557
H  1.74293976685305396224 2.18920992497656108355 3.98650199603978450114
C  3.87657742261911453241 -0.57163200887499254765 -2.73119245870701421453
C  -3.00127007014974589438 -2.35859415545717343576 -1.27817380282457304652
H  -3.55540226137980974741 -3.20002878264866730262 -0.89757053908281569932
C  0.38447479874017054247 -2.22354323243945417587 2.09901343467305601109
C  0.67206170083928251646 -2.54015298279372325752 -2.30463682884707710130
H  1.13433980814108603674 -3.43107334922828810519 -2.72171222818387414932
H  -0.09604212606580357636 -2.20823082785846525056 -2.99980749323923312488
H  0.20858948527004575468 -2.79402489098040440751 -1.35731415706848967950
C  -3.32632104614273593768 1.04554605044723869511 0.24804083720342040564
H  -3.72488786963780249550 0.05469449650484252412 0.04120170224797321812
H  -2.73213885067570894094 1.37353415181624161079 -0.59815886455568190172
H  -4.16776319712285392427 1.72225391556162210627 0.37230156058113822448
C  -0.20206029845019865543 -3.14427252788392452842 2.94251719772967001987
H  0.38938911532810960292 -3.53239982452397915935 3.75311701654763130165
C  -1.52025874750632161714 -3.59959178795349243885 2.73676745420729394809
C  -3.27996254934024200622 -1.85069995921114927029 -2.53875462216336966748
H  -4.05837450685959133523 -2.29067200445481855553 -3.14074591382200019041
C  -0.43054645924960793790 2.76763889182696232183 -6.28117501499991170988
H  -1.52072388692012760991 2.75787470701835069065 -6.20161011554212571184
H  -0.07645362231771077322 1.74729292916026257565 -6.44356499245937808240
H  -0.16218539990985128552 3.35954293415126592492 -7.15110449107400292235
C  -4.39055940635063546296 1.65879740115283769164 5.20449050473153640439
H  -4.66965212393113127121 1.70752102351645507206 6.25284147250112098959
H  -4.85280355696611120919 0.76947013203722425256 4.77192734482695879450
H  -4.78949541904247588775 2.54502239562692622599 4.70396703922099845840
C  -2.14816009848213784750 1.81745055920627529567 6.27076910232923268040
H  -1.57519303988656211857 2.74491374853972036618 6.19061601942321004799
H  -1.45881643379494740920 0.98640493048921196184 6.43525777748214267149
H  -2.79461701673554241410 1.89559885286362606038 7.13974820777829055629
C  1.82521011506302865968 -1.88142438165443559583 2.31023139057603676960
H  1.93846548283062225515 -1.05057435972984714034 3.00324865375215699359
H  2.28403958926723493761 -1.61938241382504677368 1.36287186927023773464
H  2.34680549887374167994 -2.73739569794427195504 2.73054044061272449540
C  -1.45837734154666143205 -4.93074156036971622541 4.75846446716662363485
H  -2.14553679842022537727 -5.52249762983787384485 5.35590379120475912345
H  -1.10323959540706839633 -4.10120738779000415519 5.37284979102875404067
H  -0.60791999103502303292 -5.56321904505292952337 4.49060400617633437292
C  4.98696677341086846980 -1.32151834067372475623 -4.74809946411821037771
H  4.09442079755465293545 -1.19777540292864359550 -5.36433335088476859198
H  5.08714289870930524984 -2.37568797857478442026 -4.47653215905434276323
H  5.84998665740007073310 -1.04210437209689676941 -5.34511515529541103575
C  0.86570347907686628908 4.60589761771755323849 -5.21774764592369688643
H  0.31336550006650171207 5.40732158252095640449 -4.72004221211491881149
H  0.97011179081303677840 4.86722210812446665074 -6.26661549722870692136
H  1.86522923680361052412 4.54193864703975602737 -4.78354916214220615700
C  -3.45689280809761578794 -4.95121799332663492521 3.27652201138046539342
H  -3.44690596054432729645 -5.55329289596928266093 2.36419924366729627963
H  -4.17224339247042763645 -4.13473114522925655479 3.15623491431378289107
H  -3.79949974827976744152 -5.58152646286712350587 4.09167929388917173128
C  6.03768548086119416496 0.38152391012736625031 -3.26952460389282428821
H  6.75623520990877768355 0.34457114650306824855 -4.08283400520373440656
H  6.54506349835771494838 0.06396748191960903440 -2.35484104589591280998
H  5.71040133488571122200 1.41706018051571058791 -3.15375302941855073513
