Fe -0.00000524864745376664 -0.00001060168858029024 -0.00002276077070605599
N  1.46735562540464403725 1.33146466641917138318 -0.06047171297933085637
N  -1.46880858560301641447 1.32987565542777486094 0.06047429671760105180
N  -1.46736756171704363361 -1.33148558918501369597 -0.06049510541034622269
N  1.46879708297114786042 -1.32989598859907909301 0.06046597387087448289
C  2.82363273823255367390 1.19968647299584185717 -0.15698224718664716137
C  1.22215327468621182128 2.67533606578168159373 -0.15926395784928423782
C  -1.22506026521025757070 2.67402128067865030303 0.15910829183539793030
C  -2.82493245089055022845 1.19662883362012428812 0.15714316138545963986
C  -2.82364476236736772208 -1.19970667352073356859 -0.15700191874960550686
C  1.22504791927218059655 -2.67404284815606407832 0.15907938609168786881
C  2.82492045857991103119 -1.19665068284385545105 0.15714709020086908842
C  3.44093568964411522515 2.46918291972059966710 -0.39915294819629898448
H  4.49025364657086800690 2.62350520793636121653 -0.55744103985988491257
C  2.44640867030191833109 3.38569756540216415530 -0.40071392951513357117
H  2.52120656468986625853 4.44359995734195845074 -0.55972534036510013244
C  -2.45006377026355215420 3.38307463003657193923 0.40060746663199087170
H  -2.52599575106922014101 4.44091258635151131529 0.55951083439645188378
C  -3.44359012249983198473 2.46547506057143461788 0.39926610117178162884
H  -4.49305671409893658819 2.61866962627670263331 0.55766320819833092859
C  2.45004959789680443194 -3.38309977759825031285 0.40057738428066896885
C  3.44357593409838669274 -2.46550008885719895702 0.39925814038300189157
H  4.49304090289637070299 -2.61869732915924480210 0.55766343021610664810
C  -0.00180451131904050491 3.31591038692449258107 -0.00013249732452359661
C  -3.51066957184095862488 -0.00191478479951337640 0.00012838409632537576
C  3.51065811152730500311 0.00189421872841985962 0.00014502678515895752
C  -0.00261973447447075378 4.79693873258597403009 -0.00022699763221541803
C  0.64320879831821653472 5.50320657896068610171 1.00961032234866365798
H  1.14207627773786235537 4.95904208086783793163 1.79841229699949223253
C  0.63904952673798853802 6.88631735832452651636 1.01037864313894276691
C  -0.64923421061740260729 5.50235524499319783587 -1.01015654767755025389
H  -1.14750225250604653837 4.95753225269085007199 -1.79888284710483681295
C  -4.98435754579075318560 -0.00272690158923171756 0.00022430717351278414
C  -5.69106743063242781488 -0.75531689398963897109 0.93422480319428558015
H  -5.14715855616110573578 -1.33166155419544862681 1.66847806457705694072
C  -7.07389358786684230296 -0.75300427149407611616 0.93494792731657250240
H  -7.61130640884508657962 -1.33697297691969607669 1.66800449489023816518
C  -7.76970205123640589306 -0.00427371240944668645 0.00041368319846417552
H  -8.84970746120393414458 -0.00487282869518731922 0.00048737132669334263
C  -7.07485242951101245268 0.74522689546915765746 -0.93421653808921345519
H  -7.61301304323203265056 1.32859650029838149976 -1.66720155025829019912
C  -5.69202941951104079976 0.74907449043314666692 -0.93368243749896873140
H  -5.14886178227105872907 1.32601741649238080711 -1.66801454558856487864
C  4.98434576770960813263 0.00270889523575071605 0.00024935617860227929
C  5.69104722188146627815 0.75530097929842321403 0.93425496217285020073
H  5.14713139255540408357 1.33164404923540469206 1.66850431084386330305
C  5.69202666506137511249 -0.74909015906965559228 -0.93365225455199851723
H  5.14886659944101054975 -1.32603399710591873806 -1.66798926903423905266
C  7.07387325397876409738 0.75299223754377275775 0.93498820844682073439
H  7.61127913761871610632 1.33696250513288350525 1.66804861723135489093
C  7.76969066194260271629 0.00426351573837777630 0.00045900972819540200
H  8.84969606243918072153 0.00486551208401110429 0.00054052807946929841
C  7.07484974607459804474 -0.74523872072225649799 -0.93417626353484595203
H  7.61301701592567336974 -1.32860674796142941290 -1.66715765367708890210
C  -0.00416445580289655139 7.58097450417025697789 -0.00041239229448809898
H  -0.00476316202035059321 8.66099306282797520851 -0.00048431409533479844
C  -0.64660888670074578854 6.88546965176812175713 -1.01110985758307525550
H  -1.14780993596824765213 7.42288062748141630465 -1.80301838951543880185
H  -1.13963511698393582527 -7.42444465253476959532 1.80211842744234074232
H  0.00476973650103507119 -8.66101344427322139552 -0.00061295468069451125
C  -1.22216550915116339837 -2.67535640702575516769 -0.15929572168316369352
C  -3.44094862717929705909 -2.46920214746005539652 -0.39917670748951700199
H  -4.49026729782705302796 -2.62352311490020317919 -0.55746127642958642756
C  -2.44642178412741939653 -3.38571673929634853195 -0.40074546272497962862
H  -2.52121967662397050702 -4.44361851396552332005 -0.55976092830229995378
H  2.52598041195561151540 -4.44094026917056794446 0.55946452220236297936
C  0.00179299844318526742 -3.31593079256248213227 -0.00017368538296981523
C  0.00261207009906207687 -4.79695948159608498429 -0.00029027017969157805
C  -0.64320528801875220815 -5.50324633671649543487 1.00954050202728495833
H  -1.14206829844153157083 -4.95909705630403596643 1.79835581849094472418
C  -0.63904094202589789564 -6.88635724489623779476 1.01028534152180005101
C  0.00416710949575044808 -7.58099488248673125668 -0.00052275037162686458
C  0.64660085979419956725 -6.88547070765688040694 -1.01121381323003367569
H  1.14779746242417446389 -7.42286673303157673587 -1.80313529995681554041
C  0.64922107228738246132 -5.50235636790875481950 -1.01023715471290853607
H  1.14748128948185001974 -4.95751776653820552809 -1.79895758411255513032
H  1.13965228828115283655 7.42438963733751045027 1.80221657750834496348
