Zn 9.34476811448945099414 11.82401301392331482987 11.44648337149792993728
N  10.91363945650780742369 11.79352843576222653610 10.16541059519510703524
N  8.85095577308031167263 13.40097084303933350213 9.98985859548289667487
N  9.00864076451975392956 17.00232211881227328831 7.87992010023109301642
N  10.63611398486386150353 10.23140399137746392455 12.25174058541941057854
C  11.80170914856925001857 10.81140191537439321223 10.25779890632204427448
C  11.02404875574594456111 12.75698457853169820453 9.25915267317693135851
C  8.94927909153677347831 15.83119424511953710066 8.53364436142034676891
C  10.03327651112313034787 14.92570383296665781359 8.56179830662006935427
H  10.93935915409781145513 15.15321991405118318141 8.03106756387949261011
C  12.08341480677804113952 12.75962311960072703698 8.35220805985379755043
H  12.16998194835844593342 13.51417019074070324791 7.58929658068418699912
C  13.03114922529704244880 11.75367923987760576665 8.43899031979296054828
H  13.86729801896258962302 11.73792270998099240842 7.75720539079523341286
C  7.79768922433915268044 15.40021738168559117810 9.22096552317898954243
H  6.89689690693163459656 15.98825699195673344377 9.20426750640197788300
C  7.78706993327615926148 14.20816738334622542084 9.91692307183834032003
C  9.93667818240719924461 13.74867315467295725284 9.27282059208084419311
N  12.64919260370757747580 6.58700238303504903570 12.58657792899310479129
C  12.90285910090111087811 10.76802190937746672716 9.40321472207780928443
H  13.65040894604187826644 9.99786302045119867898 9.48625189486676489992
C  11.54747190768341269518 9.84518844250637492621 11.33846336483010475149
C  12.23556972850700041988 8.65273984802624340773 11.40808260133409923753
H  12.93117722549642145680 8.39437328498065049587 10.63103574566318343386
C  12.02502984386913276182 7.77190214199733464540 12.49232501544813800365
C  6.52530678633582184034 13.77399525209519559610 10.59164598728330197730
H  5.66147306421211915506 14.18738439327170119952 10.07798837851314921465
H  6.50543324963797076066 14.12650125635921050105 11.62194227147928948796
H  6.45629780667534625138 12.69061634862661236411 10.59054634059311972294
C  7.86133721520209594047 17.88208539770944582870 7.84885034637725986784
H  7.01988942272297222758 17.41602845278495337311 7.32979707168031158204
H  8.11817451386319355322 18.79720245695836666755 7.32380506321293189842
H  7.54995045120720220666 18.14825118327734188028 8.86111347899769441483
C  10.47606786684624324835 9.44766229161065673736 13.32361306928370048297
C  10.18871033867190512012 17.37235327337342027931 7.13073357692999820756
H  10.04158671780257172657 18.34940379723093073494 6.68041876290649661030
H  10.38706653603885143866 16.65736982600300208901 6.32814065349516585712
H  11.06371975504580973393 17.42941653360362508351 7.78253986399880304248
C  11.13199194165548355784 8.24253934327141912775 13.47481084001207918277
H  10.95486199245398140079 7.67533905687449458100 14.37170631044079271987
C  9.57310319235720719178 9.92369060349627751805 14.41623714631525920993
H  9.89382635148453104534 9.52042030474565414977 15.37304209106492258741
H  8.55168316055144472898 9.59157971487028326862 14.23578275547705018766
H  9.58581577424396158449 11.00813804609036061777 14.46389254788980593958
C  13.61141393406001043331 6.17638862801485633014 11.58839756639638984836
H  14.45398761140666543668 6.87113077377627856634 11.54278216491046116232
H  13.14751122104159897219 6.11235274540040229851 10.60125926290931808182
H  13.99991348506085131476 5.19433471946323965796 11.84078247516167614606
C  12.42971038512784787144 5.73327738891188687376 13.73294428003079126199
H  11.36928119986516705353 5.49661698612897620109 13.84200164616324357780
H  12.78395183377314658912 6.20685732018876468175 14.65214486687555961453
H  12.97102548131513266583 4.80113020430572845498 13.60185066062461345382
N  7.77598794416685823450 11.85491225673167470234 12.72755049632870871790
N  9.88721604245430363278 13.40024997519085481201 12.88668463134693098482
N  9.83825715819684276653 17.02845764643257098214 14.95558354455752869683
N  8.00492334280242978650 10.26304853583474852030 10.65791505257178428678
C  6.85846821301574216534 10.89926822985534293764 12.64586984109460310322
C  7.69580561592694678552 12.83035548861708896595 13.62414016685803908047
C  9.86231680929992826634 15.84865236452821157798 14.31532655414489596524
C  8.75155099804772262928 14.97590846073529036175 14.29727394286922681488
H  7.85270056142453487524 15.23660275966484078936 14.82503903715840287703
C  6.63809413056465302816 12.87424073491809473069 14.53192280839669692227
H  6.57540109307113329606 13.63864632761263884220 15.28732517971687521197
C  5.66018866581157009676 11.89668581871323560506 14.45609188566310976398
H  4.82473247525124726565 11.91314759962556379946 15.13870743316954659008
C  11.00030034396036171529 15.37541221687495607284 13.63318421519421796972
H  11.91851969315666970317 15.93601063468303991044 13.64364692531734490899
C  10.97493826499781199857 14.17577442657622732725 12.95074546207847276946
C  8.81260638439029975189 13.78857507205795052130 13.59958791276078038379
N  5.87800563079956894796 6.68074540756855128620 10.35893826786844051924
C  5.75744850993264289940 10.89795663033913974971 13.50174342560528728541
H  4.98678956518917804175 10.15003588846340676355 13.42720161672643541806
C  7.08212233141655911339 9.91478199755173683627 11.57495045794958521412
C  6.35700028908397918315 8.74382598573253133623 11.51718385961748225554
H  5.65361577567929352028 8.51515983474583038060 12.29652608120504453382
C  6.53955968604232129593 7.84604572067242234112 10.44180278769042402587
C  12.22306883684157696734 13.69611620401266449676 12.28147905207743484368
H  12.25835160599103978996 12.61119098220605927452 12.29291922563594852136
H  13.09893178276112735148 14.08729872225341850367 12.79217502996912436686
H  12.25477893476281820995 14.03811581729758906079 11.24793558236856583221
C  11.01108601305996081976 17.87418527567045956062 14.97591261009854335384
H  11.33102280069389422579 18.11674121723220665103 13.96041997069620954619
H  11.83798372189475323069 17.39084556703503992026 15.50252604646624376983
H  10.78094464596385293476 18.80385186375468009601 15.48763285084229579525
C  8.14057480585992720989 9.46370030455370603306 9.59424425465289232307
C  8.67081366196551073244 17.44118022964203262859 15.70228643625127595840
H  8.84816758043280771062 18.41748153912714514036 16.14322240884411385764
H  8.45180541395006379446 16.74013098673918875647 16.51175858408954866263
H  7.79714491819052568644 17.51862238381448477753 15.05077753837902498901
C  7.44721964252000301343 8.27823884206247306849 9.45507373173395215815
H  7.60698864696607213176 7.69635207255014552885 8.56435279599085319546
C  9.05843487260491109225 9.89985235495277215989 8.49740940641748920825
H  8.72651411720685565854 9.49580723168799245570 7.54478707453123043081
H  10.06919947286108296680 9.53914151939275534176 8.68290911597246228837
H  9.07871692441924160732 10.98360773844038718039 8.43773885835296333369
C  4.90527595266024540877 6.30933680798338247797 11.36224532754514804367
H  4.48707818450704554181 5.33690090775581360560 11.12031367645634993835
H  4.08401357658256536354 7.02954829708699069357 11.40164963717320745218
H  5.36835221437421683532 6.24141756580550399747 12.34949853391848684225
C  6.06958739050431539397 5.80985693902205113659 9.22046961031429113120
H  5.49484521204932363503 4.89889164628322237860 9.35794696569382367102
H  7.12114836719088284411 5.53457873620158213868 9.11599422097784817254
H  5.73443153275090367060 6.28799784407020911914 8.29650701254995581735
