Zn -0.00000379795596543587 -0.00000965604933702360 -0.00001956793527888783
N  1.43177188079543005195 1.43396321416175265284 0.00760126891312929310
N  -1.43333614929332586740 1.43240714957573334054 -0.00761453870883941741
N  -1.43177941604054148605 -1.43398218727905168990 0.00756333394417517142
N  1.43332887342128922903 -1.43242700694498847902 -0.00764127952870619857
C  2.77694001438797144488 1.23546010865661282097 -0.04421561892141039063
C  1.23234661397317912801 2.77896006129507133764 -0.04431536118001715846
C  -1.23536212257464184106 2.77762158632941380532 0.04418399150024553829
C  -2.77828525043029328501 1.23245201345266797155 0.04434154592734452366
C  -2.77694749276480168376 -1.23547855033875730868 -0.04425311337169479664
C  1.23535465716245074219 -2.77764252889518203915 0.04413208237910085097
C  2.77827762359422880678 -1.23247253202057116539 0.04432561075907766324
C  3.45136492419648233110 2.49755544713240373866 -0.16565170055629288570
H  4.51233818713573775483 2.62516948696059815305 -0.25690130576427672171
C  2.49394864247369874022 3.45429215690538349293 -0.16572759916351692544
H  2.62070911274644036126 4.51536030965989798602 -0.25704142911791266757
C  -2.49768328327567568081 3.45159825611057824446 0.16565269744720587108
H  -2.62558158605907010497 4.51253687449434437440 0.25688733407129948905
C  -3.45406303942777759275 2.49382546505236923906 0.16575783837250734898
H  -4.51516404039376251234 2.62029986888291377412 0.25710675707316682503
C  2.49767555349226944017 -3.45162124633602696022 0.16559269644382301756
C  3.45405511780536711441 -2.49384829300934685037 0.16571967774553547637
H  4.51515573459008745516 -2.62032449357792440736 0.25707012019414021697
C  -0.00186023239017341253 3.42614155213682725076 -0.00011360299112457364
C  -3.42522319098021554851 -0.00186571443321466063 0.00009833110264577180
C  3.42521572039104116314 0.00184630041857215496 0.00011247803479314356
C  -0.00267344498744061373 4.90491427509977118149 -0.00020935143130078654
C  0.58412947453634278538 5.61164422716294097881 1.04526981720915745910
H  1.03375558507445042267 5.06792878760095444335 1.86354881637092839597
C  0.57984003179930221350 6.99464826666945516109 1.04563439051848061645
C  -0.59026349942866651599 5.61083044849998557879 -1.04579796319523299353
H  -1.03929623644874813415 5.06648656843398459415 -1.86398494692735505751
C  -4.90405905860039759148 -0.00267924358960948492 0.00020815027672515643
C  -5.60990991280241946271 -0.58956965470119027106 1.04622426202028373510
H  -5.06550353769146521898 -1.03805728741561664741 1.86466254911016315887
C  -6.99292213878946178340 -0.58680587761775560018 1.04681133774277590476
H  -7.53030805773935441039 -1.04070563411041439039 1.86677556036496383740
C  -7.68844185417530923132 -0.00421977889477471568 0.00045485494749156527
H  -8.76844385507931889379 -0.00481472900784462796 0.00055062026266110341
C  -6.99375120665207106185 0.57913045139551089235 -1.04602657797217402091
H  -7.53178417986833004250 1.03243178285902081903 -1.86589763108225548116
C  -5.61074250229436533033 0.58342395280764980381 -1.04568599018525554278
H  -5.06697866346001202231 1.03250358361866845236 -1.86422677816326953781
C  4.90405160526571837210 0.00266033807123218979 0.00022934510503602813
C  5.60989661786968163426 0.58953133998213835820 1.04626054427409509451
H  5.06548527024546846320 1.03800256270205659703 1.86470449881715549800
C  5.61074113742162872143 -0.58342217704954213442 -1.04567213479499354634
H  5.06698232840511053610 -1.03248668469292614880 -1.86422455960211053139
C  6.99290870289384969283 0.58676876480292772253 1.04685491723533363739
H  7.53029001190263080900 1.04065311821701844686 1.86683067180876616220
C  7.68843452123140469467 0.00420340434974151092 0.00049083306187617224
H  8.76843650409708885718 0.00479946382159298236 0.00059214220386435729
C  6.99374991848546301298 -0.57912741111081411649 -1.04600532366759479963
H  7.53178744502826091889 -1.03241252880976253081 -1.86588233069415876386
C  -0.00421468709744711890 7.68938075280707433734 -0.00043009330484956149
H  -0.00481001452896983109 8.76937919853725844632 -0.00051546622153736258
C  -0.58750453858873796786 6.99383780356077178197 -1.04638310089732078367
H  -1.04196168369207065041 7.53118781109071644408 -1.86606301752117564874
H  -1.03371928568669613213 -7.53264680879226933286 1.86515441997521080886
H  0.00479487666749154641 -8.76939861958688204879 -0.00058835863129181654
C  -1.23235384130669123337 -2.77897798579307098166 -0.04437516445518491226
C  -3.45137177311567144855 -2.49757176440402650641 -0.16571444067781729292
H  -4.51234476322789479497 -2.62518430599975705064 -0.25696968666837011197
C  -2.49395523817193121019 -3.45430826233328014396 -0.16580396385567977569
H  -2.62071493751204487310 -4.51537489972783223635 -0.25713716778501355398
H  2.62557402893783509157 -4.51256150707450931492 0.25680714638907076175
C  0.00185257894301559174 -3.42616094350463473717 -0.00017927998268810994
C  0.00266330698836804956 -4.90493371197703975639 -0.00028596769245580784
C  -0.58414403798075742458 -5.61166220894102529826 1.04519216778447820992
H  -1.03377258194514820566 -5.06794497606475946583 1.86346864376508936090
C  -0.57985712527191912713 -6.99466614195692315548 1.04555844577781265059
C  0.00419976927991132752 -7.68940017551800281126 -0.00050382956194485536
C  0.58749196524680147302 -6.99385877548886814026 -1.04645652470068672990
H  1.04194938345213317099 -7.53121024863956645135 -1.86613535910714656296
C  0.59025349450378139515 -5.61085130202104309660 -1.04587305288233167744
H  1.03928746106493674617 -5.06650923443392908752 -1.86406056091208149894
H  1.03369901492327231907 7.53263041112652320663 1.86523118758274408790
